50,55

9,7,4
9,7,8
9,5,13
10,5,11
10,3,6

13,1
7,5,4
10,1,1,11
3,3,6,4
4,4,3,4

1,7,1,4,3,1,6
4,4,1,7,4,6
5,3,1,9,4,3
9,2,1,1,14,2,1,5
7,23,1,2,4

2,22,2,1,3
5,14,3,4
5,12,2,7
2,2,11,2,6
2,1,2,2,1,8,4,3

2,1,2,2,2,9,4,3
2,1,2,10,6,3
7,2,2,10,1,4
4,2,1,4,6,2,6
2,2,1,1,1,10,2,2,4,1

2,3,7,6,2,2,5,1
2,4,7,6,2,4,2,2,3
2,4,7,12,2,1,2,4
2,29,6,5
37,6,6

3,18,10,5,7
2,15,10,2,8
3,2,14,10,1,10
4,1,9,1,5,10,2
6,2,5,4,10,2,2

8,2,3,1,15,2,3
13,17,2,2,3
34,2,2,3
34,2,5
33,2,4

33,6
41
41
40
1,39

3,5,28
10,6,15
3,2,4,2,5,4,3
6,7,2,2,6
3,5,5,2,1

1,1
3,2
1,4,2
1,1,4,4
1,2,3,3,2

1,1,2,3,2,1,1
3,4,2,2,2,2
3,4,2,2,2,1,2
3,4,1,2,2,3,2
8,2,8,2

8,12,3,1
6,2,15,5,2
5,2,3,1,8,9,2
5,2,2,3,19,2
1,3,1,4,2,5,10,1

2,1,7,1,1,5,12
1,5,11,12
1,5,2,9,11
1,2,2,4,11,10
6,2,21

1,1,2,2,10,10
9,2,9,9
3,3,1,9,9,2
4,4,1,3,7,8,3
2,8,3,2,3,9,2

2,6,2,4,1,13
3,6,1,1,5,2,12
2,9,8,1,12
2,21,13
2,26,11

4,1,35
5,3,23,1,10
35,10
5,18,19,1
4,2,14,8,11,3

2,3,6,5,4,3,11,3
2,5,1,3,3,2,12,2
2,2,3,2,2,1,1,15
2,1,2,4,2,2,16
2,2,3,2,3,15

2,10,2,2,1,14
2,4,5,4,2,15
1,1,2,3,2,2,3,14
2,2,5,1,3,14,1
2,2,7,5,2,15,2

2,2,14,1,4,7,1
4,3,6,1,19
4,3,6,1,20
5,3,1,3,4,8,1
5,3,1,1,18,1

5,4,2,19,2
5,4,7,8,3
3,2,14,3,2
3,2,12,2
1,1,3,3,2