30,30

9,10,5
14,3,10
6,4,5,4
1,2,6,6,6
3,2,2,3,6,7

5,2,2,8,8
7,2,1,2,9
3,2,2,4,1,9
12,2,7
11,2,4,1

10,2,2,1
9,2,4,1,1
9,2,2,1,1
8,1,3,2,1
8,1,3,2

7,3,2,1
6,2
2,2,3
2,1,3,3
2,5,1

2,1,2,5
3,2,5
1,2,4,1
2,5,1,1
2,10,2

2,2,13,2,4
2,7,3,8
1,2,2,6,10
5,1,1,4,3,2,2
3,2,1,1,5,4,1

2,20,1,3
2,18,2,2
2,14,1,4
2,1,2,9,2
2,14,5,2

2,1,13,6,1
3,2,8
3,1,8
3,1,7,2
2,1,1,3,3

4,1,3,1,1,3,1
4,1,2,1,1,2
2,2,2,1,2,1,2,2
6,1,1,3,1
1,5,7,1,1,6

4,12,12
3,2,13,3
2,3,1,12
1,3,1,1,1,9,1
1,4,1,1,1,1,4,2

5,1,2,2,3
4,2,1,2,3
3,3,1,2
3,6,5
2,8,1,4

2,8,2
10,3
9,2,2,6
8,1,1,5
13,3,1