50,50

3,6,6,2,6,5,4
4,2,2,5,16,4
2,1,1,1,1,1,4,9,1
2,1,3,3,3,5,3
2,4,2,2,1

4,4,4,3,1,4,1
3,2,4,5,5,1,1,5
4,2,1,4,7,9,4,3
4,7,4,3,9,8
6,11,3,1,1,1,3,9

14,1,3,4,3,6
4,1,9,4,3,1,7
4,1,8,1,3,3,2,1
5,8,3,3,1,3,6
1,1,8,12,5,1,4

1,6,8,7,3
2,3,1,6,4,2,1,3
1,1,1,1,4,1,5,1,8
1,5,4,7,3,7
2,7,8,5,5

2,6,1,8,1,1,1,1
1,2,2,3,5,2,1,3
2,3,16,1
1,9,1
2,1,3,3,1,2

9,4,2
1,5,5,3,5,1,1,2
7,7,4,4,1,4,4
3,2,10,1,4,1,4,3
4,10,4,8,2

3,1,7,2,3,13
4,1,5,4,3,15
6,1,2,3,4,3,15
5,1,3,1,4,1,9,3
4,2,2,3,4,1,1,4,2

3,8,1,2
3,2,2,1,3,1,1,2
4,1,1,1,3,1,2
2,4,1,3,1,1,5,2
3,1,1,1,3,2,7,7

2,4,13,7,2
2,7,2,4,1,10,5,2
7,6,4,1,4
6,9,7,2
3,6,7,3,1,3,3,1

2,10,4,2,4
1,12,2,6,2,3,4
8,2,1,1,6,4,2
1,1,7,12,7,2
6,1,19,4,3

4,10,4,2,1,1,6,2
4,9,1,1,3,10,1
2,9,2,12,1,1,1
1,1,7,1,7,1,3,1
2,3,2,7,1,1

3,2,2,2,4,2,1,2
2,2,4,2,1,2
1,2,2,1,3,1,1,2,3,1
1,2,2,2,4,1,1,7
2,3,2,4,1,1,5,8

3,5,9,1,1,3,8
13,1,1,7
16,4,7
11,4,6,1,6
1,6,4,1,7,1,5

2,9,7,1,7
3,1,5,9,1,7
2,9,1,1,5,3,9
3,6,1,1,4,2,4,1,2
2,1,1,2,2,3,1,3,3,1
2,1,1,2,2,3,1,3,3,1

1,2,6,6,2,5,3
2,7,5,10,3
7,11,3,3,1,5,2
1,5,2,10,2,1,1,5,2,1,4
1,11,1,10,8,1,1,2

5,5,1,1,1,4,1,8,1,3
9,1,4,1,3,3,3,2
1,3,4,1,2,4,3
2,4,1,6,2,3,5,4
4,3,4,5,1,2,3,4

10,4,4,5,4,7
9,6,2,11
3,4,7,2,1,1,7,1
2,9,1,1,3,2
1,5,1,3,4

3,3,2,1,2,1,1,1
3,4,3,8,3
4,1,1,1,7,1,1
3,1,1,1,2,1,5,1,2,1,1
4,4,1,1,3,8,1,7

4,11,2,1,8,3,2,3
17,1,10,4,4
11,3,1,11,1,4,4
3,2,4,1,2,1,5,5,1,1
1,4,1,5,2,5,1,5

2,3,3,3,1,3,4,1
2,3,1,7,7,3,3
2,1,1,4,7,3,1
4,4,5,9,2,5
3,3,4,8,2,6