34,55

0
7,2,8,8,2,2
8,2,2,2,8,2,3
2,2,2,2,2,2,2,3
2,2,2,2,2,2,2,3

7,2,8,2,5
7,2,8,2,5
2,2,2,2,2,2,2,3
2,2,2,2,2,2,2,3
8,8,2,2,8,2,3

7,8,2,2,8,2,2
0
2,8,2,2,8,8
2,8,2,2,8,8
2,2,2,2,2,2

2,2,3,3,2,2
2,2,2,2,6,8
2,2,2,2,6,8
2,2,4,2,2
2,2,4,2,2

8,8,4,8,8
8,8,2,8,8
0
8,8,8,8,8,7
8,8,8,8,8,8

2,2,2,2,2,2,2,2,2,2
2,2,2,2,2,2,2,2,8
2,2,2,3,2,2,6,7
2,2,2,8,2,2,6,5
2,2,2,2,2,2,2,2,3

2,2,2,2,2,2,2,2,3
2,2,2,2,2,2,8,2,3
2,2,2,2,2,2,8,2,2
0

0
10
10
2
6

6
10,10,2
10,10,10
2,2,2,2,10
2,2,2,2

2,2,2,2,10
2,2,2,2,10
10,2,2,2
3,3,2,2,2
2,2

10,2,2,2,2
10,2,2,10
2,2,2,10
2,10
2,10,2

2,2,2,2
2,2,2,2
2,2,2,10
10
10,4,2

10,6,2
1,2,6,2
1,2,4
1,2,4,2
1,2,6,2

10,6,2
10,4,10
10
10,10,2
10,10,2

2,2,2,2,2,2
2,2,2,2,2
2,2,2,2,2,10
2,2,2,2,2,10
2,2,2,2,2,2,2

2,2,2,2,2,2,2
2,2,2
10,6,2,2,2,2
10,6,2,2,2
2,2,2,2,2,2

4,2,2,2
6,2,2,2,10
3,3,2,2,2,10
3,3,2,6,2,3
2,2,2,6,2,4

2,5
2,2,3
5,3
3,2
0
