# Dimensions
35 50

# Horizontal lines
0
0
3
9
11

15
16
9
6
0

10
12
2 10
13
13

13
1 14 3 1
1 8 4 2
2 14 4 2
3 10 4 2

15 1 4 2
17 2 4 2
14 1 2 8
13 2 7
12 2 6

11 6
9 4
50
3 2 2 4 2
3 2 2 2 4 2

2 2 3 1 4 3 2
4 2 2 4
6 3 3 4 5 3 1
0
0
# Vertical lines
1 1
1 1 1
1 1 1
1 1
6 1 2

5 1 2
5 1 2
6 1 1
8
14

15
11 1
11
17
22

18 1
2 15
16 1
15 1
9 1 1 1

7 1 2 1 1
7 1 1 1 1
7 1 1 1 1
7 1 1
7 1 1

6 1 1
5 1 1
1
1
2

4 2 1
6 1
2 1 1 1
3 16
5 17

7 17
7 17
7 3 1
6 3 1
6 7 1

6 7 1 1
5 1 2
5 1 1 1
3 1 1 1
2 2 1

2 2
2 1 1
1 1 1
1
1 1
